11
58
110
159
214
263
310
352
404
444
496
549
596
661
709
770
820
872
923
967
1016
70433
75810
76238
76390
76645
76713
76828
80996
81022
81049
81084
81150
81195
81240
81283
81352
81399
81447
81499
81549
81594
81642
81696
81740
81786
81831
81876
81921
81965
82010
82061
82110
82155
82192
82244
82281
82326
82361
82398
82451
82495
82540
82586
82637
82696
85117
86181
87251
90310
90393
90465
90505
90546
90572
96011
105757
122643
122765
122820
123031
123165
123380
123433
123651
123863
124085
124132
124184
124233
124294
124341
124384
124425
124740
124829
124864
124909
124977
125054
125101
125143
125213
125257
125316
125362
125401
125451
125496
125534
125614
125665
125744
125940
125989
126054
126277
126504
126557
126619
126672
126711
126822
126897
126998
127047
127641
127716
127763
127845
127916
127947
128016
128065
128126
128169
128218
128251
128497
128553
128611
128699
128746
128813
128853
128883
128944
129032
129074
129105
129136
129177
129208
129267
129301
129336
129752
129801
129878
129919
130128
130311
130372
130538
130682
130735
130802
130835
131051
131121
131156
131191
131522
131632
131685
131726
131765
131810
131857
131908
131987
132038
132115
132213
132270
132317
132485
132544
132793
133014
133064
133112
133151
133229
133581
133789
133957
134002
134060
134155
134204
134261
134313
134366
134427
134589
134638
134712
134762
134795
134892
134986
135019
135242
135399
135463
135990
138510
138908
139406
139591
139640
139695
140454
140495
140821
141048
141727
141964
142540
142897
142999
143203
143646
143738
143825
143878
147415
149073
149586
149632
149696
149737
149780
153417
155295
155380
155486
155718
155807
156024
156260
156328
156389
156614
156668
156741
156968
157023
157072
157169
157666
157717
158628
158734
158822
158938
158995
163075
163112
163156
163311
165073
165127
166594
166652
166721
167523
167978
168153
168189
168232
170858
171215
173035
173550
173650
173757
173802
173853
173890
173929
173970
174057
174097
174143
177792
179545
179772
179995
180401
181180
181375
181442
181493
181544
181597
181644
182718
182908
183083
183377
183816
184196
184387
184660
184834
185005
185185
185365
185541
185717
185761
185942
186123
186307
186481
186791
187129
187175
187364
187871
188058
188160
188614
188918
188965
189371
189484
189663
189767
189889
190012
190157
190288
190416
190630
190817
190916
191001
191174
191221
191299
191352
191412
191629
191702
192102
192165
192255
192339
192526
192585
192638
192689
192740
192788
192885
192922
193210
193242
194232
194397
194638
194853
196764
196866
196940
197587
199333
199878
199967
200006
200051
200148
200474
200556
200767
200820
200868
200922
201151
201477
201610
201726
201975
202411
202457
202674
202741
203063
203161
203414
203461
203550
203767
203808
203918
204141
204213
204248
204299
204356
205827
206821
206874
206961
207296
207341
207388
207459
207502
207553
208300
208412
208467
208729
208904
208964
209011
209085
209122
209247
209394
209439
209560
209617
209784
209878
209925
210016
210229
210270
210348
210393
210583
210899
210979
211069
211349
211411
211623
211819
211864
211919
212182
212399
212460
212765
212807
212861
212909
213003
213054
213323
213372
213444
213495
213541
213586
213931
214234
214331
214380
214433
214514
214573
214605
214657
214704
214740
214801
214848
214981
215026
215291
215508
215786
215887
215928
215975
216051
218267
218342
218565
218610
218671
218733
219029
219115
219174
219236
219299
219416
219452
219522
219832
219870
219909
219957
219994
220303
220436
220547
220602
220677
220789
220825
221306
221520
221560
221597
221705
221748
221875
227892
227950
227989
228030
228357
228578
228955
