1051
1128
1165
1468
1514
1564
1608
1656
1705
1758
1806
2022
2098
2218
2268
2375
2455
2516
2617
2668
2772
2828
2936
2998
3293
3361
3423
3492
3564
3639
3714
3839
3903
3964
4035
4147
4265
4335
4405
4468
4531
4591
4651
4711
4770
4829
4919
5001
5083
5158
5229
5299
5370
5454
5538
5622
5698
5774
5850
5926
6002
6071
6140
6209
6278
6345
6412
6479
6545
6611
6676
6741
6806
6871
6936
7001
7069
7137
7201
7265
7329
7393
7457
7519
7584
7649
7714
7779
7844
7909
7968
8027
8096
8279
8414
8490
8844
9016
9107
9528
9660
9957
10070
10175
10286
10383
10487
10594
10710
10892
10997
11087
11173
11253
11610
11717
12032
12150
12262
12382
12500
12612
12724
12826
12926
13025
13123
13229
13327
13591
13683
13932
14024
14273
14365
14614
14706
14930
15017
15108
15197
15282
15385
15547
15635
15725
15958
16037
16138
16248
16351
16522
16599
16691
16784
16882
16980
17080
17180
17289
17398
17495
17590
17687
17785
17887
17982
18079
18177
18226
18335
18402
18447
18496
18724
18785
18904
18985
19059
19131
19406
19647
19908
20268
20464
20719
20974
21225
21472
21729
21980
22213
22446
22691
22938
23189
23472
23775
24056
24279
24419
24500
24623
24685
24751
24819
24892
24964
25038
25116
25186
25258
25333
25400
25467
25535
25604
25669
25751
25833
25915
25985
26057
26143
26265
26337
26403
26464
26527
26601
26674
26749
26828
26899
26972
27048
27116
27184
27253
27323
27389
27472
27555
27638
27709
27782
27869
27992
28064
28130
28255
28318
28388
28462
28535
28610
28689
28760
28833
28909
28977
29045
29114
29184
29250
29333
29416
29499
29570
29643
29730
29798
29858
29930
30001
30071
30141
30206
30269
30333
30397
30456
30519
30582
30645
30842
30928
31121
31189
31255
31317
31379
31441
31502
31560
31634
31706
31785
31843
31902
31961
32034
32107
32180
32260
32340
32420
32555
32693
32853
33013
33101
33175
33232
33289
33347
33405
33462
33519
33576
33797
33903
33986
34051
34116
34305
34377
34575
34646
34852
34927
35292
35561
35912
36023
36084
36145
36207
36269
36333
36397
36473
36548
36617
36687
36757
36826
36892
36958
37030
37101
37408
37601
37794
37987
38097
38258
38430
38602
38774
38946
39118
39290
39386
39608
39774
39940
40032
40340
40448
40608
40704
40922
41082
41242
41402
41490
41714
41812
42029
42186
42343
42500
42657
42814
42900
43105
43253
43401
43481
43689
43775
43992
44158
44324
44416
44704
44800
44946
45026
45236
45396
45556
45716
45876
46036
46132
46354
46526
46622
46872
46992
47240
47427
47614
47720
47971
48087
48325
48500
48598
48677
48969
49025
49082
49139
49194
49251
49318
49386
49445
49510
49629
49714
49798
49883
49969
50055
50139
50216
50281
50355
50430
50496
50569
50635
50700
50765
50840
50893
50958
51019
51082
51136
51194
51253
51313
51370
51428
51485
51544
51606
51676
51740
51810
51872
51953
52023
52089
52156
52221
52291
52366
52432
52495
52555
52618
52686
52750
52814
52883
52933
52990
53050
53169
53245
53321
53388
53457
53526
53589
53652
53725
53793
53856
53920
53980
54054
54123
54185
54260
54334
54402
54464
54548
54616
54672
54724
54781
54840
54892
54945
55005
55075
55142
55196
55253
55308
55366
55425
55481
55531
55600
55659
55725
55790
55848
55910
55974
56047
56119
56179
56243
56305
56361
56421
56484
56557
56615
56674
56742
56797
56854
56926
56990
57055
57133
57203
57267
57335
57399
57472
57541
57609
57675
57736
57796
57852
57909
57967
58035
58101
58171
58229
58288
58347
58423
58498
58568
58637
58696
58754
58817
58888
58960
59034
59097
59165
59227
59294
59354
59409
59468
59522
59597
59657
59717
59778
59834
59901
59962
60011
60061
60114
60169
60233
60299
60365
60419
60480
60535
60596
60661
60725
60785
60843
60923
60999
61073
61148
61223
61297
61376
61469
61544
61621
61680
61742
61803
61868
61936
62001
62055
62117
62173
62231
62290
62343
62400
62462
62524
62590
62653
62710
62767
62835
62905
62963
63027
63082
63140
63207
63267
63334
63389
63443
63514
63583
63642
63718
63794
63871
63941
63998
64057
64113
64168
64222
64277
64337
64392
64460
64513
64570
64624
64682
64754
64817
64880
64994
65155
65194
65233
65271
65360
65416
65476
65517
65563
65615
65653
65695
65744
65797
65851
65909
65963
66021
66075
66133
66186
66243
66286
66333
66428
66473
66518
66572
66629
66683
66737
66791
66845
66902
66959
67013
67070
67124
67181
67238
67288
67336
67384
67476
67535
67807
67887
67955
68034
68108
68179
68251
68317
68394
68471
68538
68624
68699
68771
68841
68912
69005
69077
69146
69227
69296
69371
69448
69522
69580
69638
69689
69741
69789
69845
69947
70009
70064
70124
70188
70240
70290
70339
70387
71104
71207
71309
71412
71515
71618
71720
71823
71926
72029
72132
72234
72337
72440
72542
72719
72822
72925
73028
73131
73234
73337
73440
73543
73646
73749
73852
73955
74059
74162
74265
74368
74471
74574
74677
74780
74883
74985
75088
75191
75294
75397
75500
75603
75707
76883
76985
77088
77191
77293
77396
77499
77602
77704
77807
77910
78013
78115
78218
78320
78424
78527
78630
78733
78836
78939
79042
79145
79248
79351
79454
79557
79660
79762
79865
79968
80071
80174
80277
80380
80483
80586
80689
80791
80894
82749
82852
82955
83058
83161
83264
83367
83470
83573
83676
83779
83882
83984
84086
84188
84291
84394
84498
84601
84704
84807
84910
85013
85168
85271
85374
85563
85666
85769
85872
85975
86078
86220
86322
86426
86530
86633
86736
86839
86942
87045
87148
87291
87394
87497
87600
87702
87804
87906
88009
88112
88215
88318
88421
88524
88626
88665
88768
88871
88974
89077
89180
89282
89385
89488
89591
89694
89797
89900
90002
90105
90207
90344
91067
91169
91271
91373
91476
91579
91683
91786
91889
91992
92095
92198
92301
92404
92506
92609
92712
92815
92918
93021
93124
93226
93328
93430
93533
93636
93739
93842
93949
94052
94155
94259
94362
94465
94568
94670
94773
94876
94979
95082
95185
95287
95389
95491
95594
95697
95806
95909
96080
96183
96286
96389
96498
96600
96703
96806
96909
97012
97115
97218
97321
97423
97526
97628
97731
97834
97936
98039
98142
98245
98347
98450
98553
98657
98760
98864
98967
99070
99173
99276
99378
99481
99584
99686
99789
99892
99995
100098
100201
100304
100407
100510
100614
100717
100820
100922
101024
101126
101229
101332
101435
101539
101641
101744
101847
101950
102053
102156
102258
102362
102465
102568
102671
102774
102876
102979
103083
103186
103289
103392
103494
103598
103701
103804
103907
104009
104112
104215
104317
104420
104523
104626
104729
104831
104935
105038
105141
105244
105346
105449
105551
105654
105962
106064
106167
106276
106379
106481
106584
106686
106789
106891
106994
107097
107200
107302
107405
107508
107611
107713
107816
107919
108022
108125
108227
108330
108432
108534
108637
108740
108842
108945
109048
109151
109254
109357
109459
109562
109665
109768
109871
109974
110076
110179
110282
110385
110488
110589
110692
110795
110950
111053
111156
111258
111360
111463
111566
111669
111772
111875
111978
112081
112184
112286
112389
112492
112595
112697
112805
112908
113011
113114
113217
113582
113685
113788
113890
113993
114096
114199
114302
114404
114507
114610
114713
114816
114919
115022
115124
115227
115330
115433
115536
115639
115741
115844
115947
116049
116151
116254
116357
116460
116563
116666
116768
116871
116974
117076
117179
117282
117385
117488
117630
117733
117876
118019
118122
118224
118327
118430
118533
118636
118740
118842
118945
119048
119151
119254
119356
119459
119562
119665
119768
119871
119974
120077
120180
120283
120386
120489
120593
120695
120798
120900
121002
121105
121208
121310
121413
121516
121619
121721
121823
121925
122028
122130
122232
122335
122439
122541
123067
123122
125837
125891
126103
126149
126212
126775
126856
128290
128342
128394
128436
130175
130214
130264
130406
130637
130905
130943
130995
132350
132394
132435
134109
134474
134542
135054
135098
135154
135518
135658
135753
135848
135943
136250
136353
136455
136558
136661
136764
136866
136969
137072
137175
137278
137381
137484
137587
137689
137792
137894
137996
138098
138201
138304
138407
138556
138599
138702
138805
138995
139097
139200
139303
139454
139499
139545
139934
140037
140140
140243
140346
140399
140731
140775
141671
141762
141819
141913
142201
142259
142317
142374
142430
142485
142599
142650
142701
142751
142799
142848
143054
143100
143150
143317
143419
143468
143508
143549
143603
143925
144028
144131
144234
144336
144439
144542
144644
144747
144850
144953
145056
145159
145261
145364
145467
145569
145673
145776
145878
145982
146085
146188
146291
146394
146497
146608
146711
146813
146916
147019
147122
147168
147210
147312
147460
147563
147665
147768
147871
147973
148075
148177
148280
148383
148486
148589
148763
148866
148969
149023
149112
149156
149259
149362
149819
149921
150023
150125
150227
150330
150434
150537
150640
150744
150847
150950
151052
151153
151256
151359
151462
151565
151668
151770
151872
151975
152077
152180
152283
152386
152490
152592
152695
152799
152902
153005
153108
153211
153314
153459
153562
153665
153767
153870
153973
154076
154179
154282
154385
154437
154480
154583
154685
154789
154892
154993
155096
155199
155246
155441
155529
155577
155623
155672
156101
156148
156208
156874
156920
157120
157215
157263
157311
157359
157407
157455
157503
157554
157613
157940
157999
158050
158120
158174
158233
158288
158344
158398
158457
158521
158576
158682
158779
158891
159038
159167
159270
159372
159475
159578
159681
159784
159888
159990
160093
160196
160299
160401
160502
160605
160708
160811
160914
161017
161119
161221
161324
161427
161529
161632
161734
161837
161940
162043
162146
162249
162353
162456
162559
162662
162765
162868
162971
163262
163361
163405
163507
163559
163612
163715
163817
163920
163957
163999
164100
164202
164305
164408
164511
164614
164721
164823
164926
165029
165176
165228
165285
165338
165391
165507
165564
165616
165657
165698
165748
165801
165851
165901
165951
166001
166054
166107
166157
166210
166260
166313
166366
166414
166460
166504
166548
166946
167048
167151
167254
167405
167464
167632
167690
167772
167883
167930
168022
168283
168386
168489
168591
168694
168796
168899
169002
169106
169209
169312
169415
169518
169621
169724
169827
169930
170034
170137
170240
170343
170446
170549
170651
170754
170907
171010
171113
171286
171389
171492
171594
171697
171800
171902
172005
172107
172210
172314
172417
172520
172623
172726
172829
172932
173076
173122
173171
173223
173270
173317
173364
173411
173458
173504
174015
174234
174337
174440
174543
174645
174748
174849
174952
175055
175158
175261
175364
175467
175570
175687
175790
175893
175995
176098
176201
176303
176406
176509
176612
176715
176817
176920
177023
177126
177229
177332
177436
177539
177642
177744
178003
178105
178208
178311
178414
178517
178620
178723
178826
178929
179032
179135
179237
179339
179442
180046
180092
180195
180298
180498
180596
180699
180802
180904
181007
181059
181124
181727
181785
181843
181895
181947
182009
182066
182118
182388
182437
182515
182585
182655
183585
183648
183706
183757
184005
184065
184132
184324
186683
186740
187056
187495
187628
187810
187999
188337
188388
188433
188474
188520
188671
188712
188754
188803
188862
189014
189059
189102
189148
189192
189239
189287
189332
191102
191136
191769
191815
192017
192058
192402
192837
193463
193518
193561
193620
193677
193741
193789
193843
193890
193941
193994
194056
194117
194795
194934
194983
195035
195077
195120
195164
195208
195266
195324
195382
195447
195512
195577
195630
195681
195726
195782
195831
195883
195945
195992
196040
196097
196141
196187
196248
196301
196355
196422
196481
196534
196591
196644
196706
197012
197069
197124
197174
197226
197315
197360
197465
197540
197685
197742
197797
197856
197903
197951
197999
198064
198128
198187
198245
198293
198340
198392
198452
198513
198576
198628
198685
198736
198792
198841
198885
199027
199070
199134
199185
199234
199283
199358
199402
199447
199489
199531
199574
199617
199654
199695
199751
199801
199839
199925
200104
200189
200236
200281
200329
200371
200421
200712
201368
201422
201522
201565
201676
202009
202051
202109
202169
202229
202298
202367
203111
203277
203334
203372
203501
203609
203660
203714
204389
204444
204501
204559
204608
204655
204724
204788
204851
204915
204980
205045
205108
205164
205229
205292
205356
205420
205483
205551
205633
205697
205898
205940
205982
206024
206072
206116
206172
206223
206273
206326
206380
206425
206477
206522
206576
206620
206664
206721
206775
206911
207048
207101
207151
207195
207247
207591
207639
207761
207834
207884
207934
207984
208027
208078
208123
208170
208218
208532
208581
208629
208676
209162
209208
209332
209492
209672
209733
209968
210481
210532
211114
211167
211214
211259
211307
211516
211571
211672
211718
211764
212233
212290
212553
212600
212653
212697
212956
213629
213674
213723
213773
213827
213877
214022
214069
214125
214275
214895
214937
215099
215149
215203
215245
215555
215598
215647
215700
215741
215841
216129
216201
216273
216345
216409
216473
216537
216601
216665
216722
216779
216836
216893
216948
217003
217058
217112
217166
217219
217272
217325
217378
217431
217484
217540
217596
217648
217700
217752
217804
217856
217906
217959
218012
218065
218118
218171
218224
218777
218832
218889
218947
218986
219076
220211
220255
220487
220731
220864
220912
220977
221042
221108
221167
221213
221261
221411
221466
221643
221831
222108
222155
222202
222248
222294
222341
222388
222431
222480
222529
222573
222622
222683
222743
222797
222852
222907
222961
223012
223063
223107
223164
223206
223263
223320
223377
223433
223479
223537
223580
223664
223731
223936
224023
224139
224260
224332
224530
224592
224713
224868
225004
225085
225204
225297
225413
225479
225646
225756
225813
225876
225996
226068
226144
226326
226382
226430
226565
226665
226788
226856
226997
227151
227297
227369
227430
227541
227610
227664
227727
227788
227840
228440
228528
228616
228674
228774
228821
228867
228905
