1085
1206
1416
1858
1905
1962
2172
2319
2572
2723
2882
3054
3102
3148
3240
3767
4097
4211
8165
8220
8362
8573
8625
8698
8769
8932
9198
9288
9406
9785
9868
10805
11340
11425
11514
11824
11926
13430
13506
13771
13847
14112
14188
14453
14529
14794
14854
15472
15804
15881
16447
18284
18556
18612
18669
18848
19202
19258
19330
19497
19570
19740
19822
20019
20096
20180
20383
20565
20640
20816
20893
21075
21148
21318
21393
21569
21647
21832
21904
22071
22140
22298
22370
22537
22612
22788
22861
23031
23108
23290
23379
23597
23684
23896
23974
24159
24213
24344
24560
26210
27937
28191
30704
30771
31001
31059
32487
32621
32781
32941
33639
33716
34181
34241
34443
34507
34716
34782
34999
35058
35124
35206
35391
35474
35664
35732
35820
37174
37246
37325
37518
37711
37904
38182
38354
38526
38698
38870
39042
39214
39464
39534
39700
39866
40108
40180
40258
40532
40782
40850
41010
41170
41330
41564
41637
41891
41958
42115
42272
42429
42586
42743
42973
43037
43185
43333
43551
43618
43848
43918
44084
44250
44492
44556
44628
44878
45096
45164
45324
45484
45644
45804
45964
46206
46278
46450
46700
46784
47082
47159
47346
47533
47803
47885
48175
48248
48423
48730
49564
53113
64941
65052
65106
65321
66375
67434
67596
67642
67692
67746
69895
75810
76132
76296
76431
76501
76553
76605
76672
76787
110898
117591
117836
117979
130471
135198
135563
135610
135705
135800
135895
138950
141867
142897
143317
143695
143771
149465
149540
155295
155767
156024
156791
156831
159084
159125
163217
164049
165449
167357
167590
167729
167838
168066
168106
173605
173707
174192
181687
182171
188568
192460
194176
194853
197275
197406
200513
200597
201726
202783
203019
205763
207693
208260
209289
210393
211411
212142
212349
212460
213279
214472
216089
219350
221355
221791
223619
223803
223866
224199
224404
224467
224654
224813
224940
225146
225358
225541
225593
225698
225935
226220
226269
226506
226725
226922
227089
227224
227477
228400
228485
228732
229011
