71104
71207
71309
71412
71515
71618
71720
71823
71926
72029
72132
72234
72337
72440
72542
72646
72719
72822
72925
73028
73131
73234
73337
73440
73543
73646
73749
73852
73955
74059
74162
74265
74368
74471
74574
74677
74780
74883
74985
75088
75191
75294
75397
75500
75603
75707
76883
76985
77088
77191
77293
77396
77499
77602
77704
77807
77910
78013
78115
78218
78320
78424
78527
78630
78733
78836
78939
79042
79145
79248
79351
79454
79557
79660
79762
79865
79968
80071
80174
80277
80380
80483
80586
80689
80791
80894
82749
82852
82955
83058
83161
83264
83367
83470
83573
83676
83779
83882
83984
84086
84188
84291
84394
84498
84601
84704
84807
84910
85013
85168
85271
85374
85477
85563
85666
85769
85872
85975
86078
86220
86322
86426
86530
86633
86736
86839
86942
87045
87148
87291
87394
87497
87600
87702
87804
87906
88009
88112
88215
88318
88421
88524
88665
88768
88871
88974
89077
89180
89282
89385
89488
89591
89694
89797
89900
90002
90105
90207
91067
91169
91271
91373
91476
91579
91683
91786
91889
91992
92095
92198
92301
92404
92506
92609
92712
92815
92918
93021
93124
93226
93328
93430
93533
93636
93739
93842
93949
94052
94155
94259
94362
94465
94568
94670
94773
94876
94979
95082
95185
95287
95389
95491
95594
95697
95806
95909
96080
96183
96286
96389
96498
96600
96703
96806
96909
97012
97115
97218
97321
97423
97526
97628
97731
97834
97936
98039
98142
98245
98347
98450
98553
98657
98760
98864
98967
99070
99173
99276
99378
99481
99584
99686
99789
99892
99995
100098
100201
100304
100407
100510
100614
100717
100820
100922
101024
101126
101229
101332
101435
101539
101641
101744
101847
101950
102053
102156
102258
102362
102465
102568
102671
102774
102876
102979
103083
103186
103289
103392
103494
103598
103701
103804
103907
104009
104112
104215
104317
104420
104523
104626
104729
104831
104935
105038
105141
105244
105346
105449
105551
105654
105962
106064
106167
106276
106379
106481
106584
106686
106789
106891
106994
107097
107200
107302
107405
107508
107611
107713
107816
107919
108022
108125
108227
108330
108432
108534
108637
108740
108842
108945
109048
109151
109254
109357
109459
109562
109665
109768
109871
109974
110076
110179
110282
110385
110488
110589
110692
110795
110950
111053
111156
111258
111360
111463
111566
111669
111772
111875
111978
112081
112184
112286
112389
112492
112595
112697
112805
112908
113011
113114
113217
113319
113582
113685
113788
113890
113993
114096
114199
114302
114404
114507
114610
114713
114816
114919
115022
115124
115227
115330
115433
115536
115639
115741
115844
115947
116049
116151
116254
116357
116460
116563
116666
116768
116871
116974
117076
117179
117282
117385
117488
117630
117733
117876
118019
118122
118224
118327
118430
118533
118636
118740
118842
118945
119048
119151
119254
119356
119459
119562
119665
119768
119871
119974
120077
120180
120283
120386
120489
120593
120695
120798
120900
121002
121105
121208
121310
121413
121516
121619
121721
121823
121925
122028
122130
122232
122335
122439
122541
136250
136353
136455
136558
136661
136764
136866
136969
137072
137175
137278
137381
137484
137587
137689
137792
137894
137996
138098
138201
138304
138407
138599
138702
138805
138995
139097
139200
139303
139934
140037
140140
140243
143925
144028
144131
144234
144336
144439
144542
144644
144747
144850
144953
145056
145159
145261
145364
145467
145569
145673
145776
145878
145982
146085
146188
146291
146394
146497
146608
146711
146813
146916
147019
147210
147312
147460
147563
147665
147768
147871
147973
148075
148177
148280
148383
148486
148589
148691
148763
148866
149156
149259
149362
149819
149921
150023
150125
150227
150330
150434
150537
150640
150744
150847
150950
151052
151153
151256
151359
151462
151565
151668
151770
151872
151975
152077
152180
152283
152386
152490
152592
152695
152799
152902
153005
153108
153211
153314
153459
153562
153665
153767
153870
153973
154076
154179
154282
154480
154583
154685
154789
154892
154993
155096
159167
159270
159372
159475
159578
159681
159784
159888
159990
160093
160196
160299
160401
160502
160605
160708
160811
160914
161017
161119
161221
161324
161427
161529
161632
161734
161837
161940
162043
162146
162249
162353
162456
162559
162662
162765
162868
162971
163405
163612
163715
163817
164100
164202
164305
164408
164511
164614
164721
164823
164926
166946
167048
167151
167254
168283
168386
168489
168591
168694
168796
168899
169002
169106
169209
169312
169415
169518
169621
169724
169827
169930
170034
170137
170240
170343
170446
170549
170651
170754
170907
171010
171113
171286
171389
171492
171594
171697
171800
171902
172005
172107
172210
172314
172417
172520
172623
172726
172829
172932
174234
174337
174440
174543
174645
174748
174849
174952
175055
175158
175261
175364
175467
175570
175687
175790
175893
175995
176098
176201
176303
176406
176509
176612
176715
176817
176920
177023
177126
177229
177332
177436
177539
177642
178003
178105
178208
178311
178414
178517
178620
178723
178826
178929
179032
179135
179237
179339
179442
180092
180195
180298
180596
180699
180802
180904
