75810
76132
76296
76431
76501
76553
76605
76672
76787
88626
90344
110898
117591
117836
117979
123067
123122
125837
125891
126103
126149
126212
126775
126856
128290
128342
128394
128436
130175
130214
130264
130406
130471
130637
130905
130943
130995
132350
132394
132435
134109
134474
134542
135054
135098
135154
135198
135518
135563
135610
135658
135705
135753
135800
135848
135895
135943
138556
138950
139454
139499
139545
140346
140399
140731
140775
141671
141762
141819
141867
141913
142201
142259
142317
142374
142430
142485
142599
142650
142701
142751
142799
142848
142897
143054
143100
143150
143317
143317
143419
143468
143508
143549
143603
143695
143771
147122
147168
148969
149023
149112
149465
149540
154385
154437
155199
155246
155295
155441
155529
155577
155623
155672
155767
156024
156101
156148
156208
156791
156831
156874
156920
157120
157215
157263
157311
157359
157407
157455
157503
157554
157613
157940
157999
158050
158120
158174
158233
158288
158344
158398
158457
158521
158576
158682
158779
158891
159038
159084
159125
163217
163262
163361
163507
163559
163920
163957
163999
164049
165029
165176
165228
165285
165338
165391
165449
165507
165564
165616
165657
165698
165748
165801
165851
165901
165951
166001
166054
166107
166157
166210
166260
166313
166366
166414
166460
166504
166548
167357
167405
167464
167590
167632
167690
167729
167772
167838
167883
167930
168022
168066
168106
173076
173122
173171
173223
173270
173317
173364
173411
173458
173504
173605
173707
174015
174192
177744
180046
180498
181007
181059
181124
181687
181727
181785
181843
181895
181947
182009
182066
182118
182171
182388
182437
182515
182585
182655
183585
183648
183706
183757
184005
184065
184132
184324
186683
186740
187056
187495
187628
187810
187999
188337
188388
188433
188474
188520
188568
188671
188712
188754
188803
188862
189014
189059
189102
189148
189192
189239
189287
189332
191102
191136
191769
191815
192017
192058
192402
192460
192837
193463
193518
193561
193620
193677
193741
193789
193843
193890
193941
193994
194056
194117
194176
194795
194853
194934
194983
195035
195077
195120
195164
195208
195266
195324
195382
195447
195512
195577
195630
195681
195726
195782
195831
195883
195945
195992
196040
196097
196141
196187
196248
196301
196355
196422
196481
196534
196591
196644
196706
197012
197069
197124
197174
197226
197275
197315
197360
197406
197465
197540
197685
197742
197797
197856
197903
197951
197999
198064
198128
198187
198245
198293
198340
198392
198452
198513
198576
198628
198685
198736
198792
198841
198885
199027
199070
199134
199185
199234
199283
199358
199402
199447
199489
199531
199574
199617
199654
199695
199751
199801
199839
199925
200104
200189
200236
200281
200329
200371
200421
200513
200597
200712
201368
201422
201522
201565
201676
201726
202009
202051
202109
202169
202229
202298
202367
202783
203019
203111
203277
203334
203372
203501
203609
203660
203714
204389
204444
204501
204559
204608
204655
204724
204788
204851
204915
204980
205045
205108
205164
205229
205292
205356
205420
205483
205551
205633
205697
205763
205898
205940
205982
206024
206072
206116
206172
206223
206273
206326
206380
206425
206477
206522
206576
206620
206664
206721
206775
206911
207048
207101
207151
207195
207247
207591
207639
207693
207761
207834
207884
207934
207984
208027
208078
208123
208170
208218
208260
208532
208581
208629
208676
209162
209208
209289
209332
209492
209672
209733
209968
210393
210481
210532
211114
211167
211214
211259
211307
211411
211516
211571
211672
211718
211764
212142
212233
212290
212349
212460
212553
212600
212653
212697
212956
213279
213629
213674
213723
213773
213827
213877
214022
214069
214125
214275
214472
214895
214937
215099
215149
215203
215245
215555
215598
215647
215700
215741
215841
216089
216129
216201
216273
216345
216409
216473
216537
216601
216665
216722
216779
216836
216893
216948
217003
217058
217112
217166
217219
217272
217325
217378
217431
217484
217540
217596
217648
217700
217752
217804
217856
217906
217959
218012
218065
218118
218171
218224
218777
218832
218889
218947
218986
219076
219350
220211
220255
220487
220731
220864
220912
220977
221042
221108
221167
221213
221261
221355
221411
221466
221643
221791
221831
222108
222155
222202
222248
222294
222341
222388
222431
222480
222529
222573
222622
222683
222743
222797
222852
222907
222961
223012
223063
223107
223164
223206
223263
223320
223377
223433
223479
223537
223580
223619
223664
223731
223803
223866
223936
224023
224139
224199
224260
224332
224404
224467
224530
224592
224654
224713
224813
224868
224940
225004
225085
225146
225204
225297
225358
225413
225479
225541
225593
225646
225698
225756
225813
225876
225935
225996
226068
226144
226220
226269
226326
226382
226430
226506
226565
226665
226725
226788
226856
226922
226997
227089
227151
227224
227297
227369
227430
227477
227541
227610
227664
227727
227788
227840
228400
228440
228485
228528
228616
228674
228732
228774
228821
228867
228905
229011
