70433
75810
76238
76645
76713
81022
81049
81084
81150
81195
81240
81283
81352
81399
81447
81499
81549
81594
81642
81696
81740
81786
81831
81876
81921
81965
82010
82061
82110
82155
82192
82244
82281
82326
82361
82398
82451
82495
82540
82586
82637
82696
90505
90546
90572
96011
180401
182718
182908
183083
183377
183816
184196
184387
184660
184834
185005
185185
185365
185541
185717
185761
185942
186123
186307
186481
186791
187129
187175
187364
187871
188058
188160
194232
194397
194638
197587
199333
208729
210979
213931
