1051
1085
1128
1165
1206
1416
1468
1514
1564
1608
1656
1705
1758
1806
1858
1905
1962
2022
2098
2172
2218
2268
2319
2375
2455
2516
2572
2617
2668
2723
2772
2828
2882
2936
2998
3054
3102
3148
3240
3293
3361
3423
3492
3564
3639
3714
3767
3839
3903
3964
4035
4097
4147
4211
4265
4335
4405
4468
4531
4591
4651
4711
4770
4829
4919
5001
5083
5158
5229
5299
5370
5454
5538
5622
5698
5774
5850
5926
6002
6071
6140
6209
6278
6345
6412
6479
6545
6611
6676
6741
6806
6871
6936
7001
7069
7137
7201
7265
7329
7393
7457
7519
7584
7649
7714
7779
7844
7909
7968
8027
8096
8165
8220
8279
8362
8414
8490
8573
8625
8698
8769
8844
8932
9016
9107
9198
9288
9406
9528
9660
9785
9868
9957
10070
10175
10286
10383
10487
10594
10710
10805
10892
10997
11087
11173
11253
11340
11425
11514
11610
11717
11824
11926
12032
12150
12262
12382
12500
12612
12724
12826
12926
13025
13123
13229
13327
13430
13506
13591
13683
13771
13847
13932
14024
14112
14188
14273
14365
14453
14529
14614
14706
14794
14854
14930
15017
15108
15197
15282
15385
15472
15547
15635
15725
15804
15881
15958
16037
16138
16248
16351
16447
16522
16599
16691
16784
16882
16980
17080
17180
17289
17398
17495
17590
17687
17785
17887
17982
18079
18177
18226
18284
18335
18402
18447
18496
18556
18612
18669
18724
18785
18848
18904
18985
19059
19131
19202
19258
19330
19406
19497
19570
19647
19740
19822
19908
20019
20096
20180
20268
20383
20464
20565
20640
20719
20816
20893
20974
21075
21148
21225
21318
21393
21472
21569
21647
21729
21832
21904
21980
22071
22140
22213
22298
22370
22446
22537
22612
22691
22788
22861
22938
23031
23108
23189
23290
23379
23472
23597
23684
23775
23896
23974
24056
24159
24213
24279
24344
24419
24500
24560
24623
24685
24751
24819
24892
24964
25038
25116
25186
25258
25333
25400
25467
25535
25604
25669
25751
25833
25915
25985
26057
26143
26210
26265
26337
26403
26464
26527
26601
26674
26749
26828
26899
26972
27048
27116
27184
27253
27323
27389
27472
27555
27638
27709
27782
27869
27937
27992
28064
28130
28191
28255
28318
28388
28462
28535
28610
28689
28760
28833
28909
28977
29045
29114
29184
29250
29333
29416
29499
29570
29643
29730
29798
29858
29930
30001
30071
30141
30206
30269
30333
30397
30456
30519
30582
30645
30704
30771
30842
30928
31001
31059
31121
31189
31255
31317
31379
31441
31502
31560
31634
31706
31785
31843
31902
31961
32034
32107
32180
32260
32340
32420
32487
32555
32621
32693
32781
32853
32941
33013
33101
33175
33232
33289
33347
33405
33462
33519
33576
33639
33716
33797
33903
33986
34051
34116
34181
34241
34305
34377
34443
34507
34575
34646
34716
34782
34852
34927
34999
35058
35124
35206
35292
35391
35474
35561
35664
35732
35820
35912
36023
36084
36145
36207
36269
36333
36397
36473
36548
36617
36687
36757
36826
36892
36958
37030
37101
37174
37246
37325
37408
37518
37601
37711
37794
37904
37987
38097
38182
38258
38354
38430
38526
38602
38698
38774
38870
38946
39042
39118
39214
39290
39386
39464
39534
39608
39700
39774
39866
39940
40032
40108
40180
40258
40340
40448
40532
40608
40704
40782
40850
40922
41010
41082
41170
41242
41330
41402
41490
41564
41637
41714
41812
41891
41958
42029
42115
42186
42272
42343
42429
42500
42586
42657
42743
42814
42900
42973
43037
43105
43185
43253
43333
43401
43481
43551
43618
43689
43775
43848
43918
43992
44084
44158
44250
44324
44416
44492
44556
44628
44704
44800
44878
44946
45026
45096
45164
45236
45324
45396
45484
45556
45644
45716
45804
45876
45964
46036
46132
46206
46278
46354
46450
46526
46622
46700
46784
46872
46992
47082
47159
47240
47346
47427
47533
47614
47720
47803
47885
47971
48087
48175
48248
48325
48423
48500
48598
48677
48730
48969
49025
49082
49139
49194
49251
49318
49386
49445
49510
49564
49629
49714
49798
49883
49969
50055
50139
50216
50281
50355
50430
50496
50569
50635
50700
50765
50840
50893
50958
51019
51082
51136
51194
51253
51313
51370
51428
51485
51544
51606
51676
51740
51810
51872
51953
52023
52089
52156
52221
52291
52366
52432
52495
52555
52618
52686
52750
52814
52883
52933
52990
53050
53113
53169
53245
53321
53388
53457
53526
53589
53652
53725
53793
53856
53920
53980
54054
54123
54185
54260
54334
54402
54464
54548
54616
54672
54724
54781
54840
54892
54945
55005
55075
55142
55196
55253
55308
55366
55425
55481
55531
55600
55659
55725
55790
55848
55910
55974
56047
56119
56179
56243
56305
56361
56421
56484
56557
56615
56674
56742
56797
56854
56926
56990
57055
57133
57203
57267
57335
57399
57472
57541
57609
57675
57736
57796
57852
57909
57967
58035
58101
58171
58229
58288
58347
58423
58498
58568
58637
58696
58754
58817
58888
58960
59034
59097
59165
59227
59294
59354
59409
59468
59522
59597
59657
59717
59778
59834
59901
59962
60011
60061
60114
60169
60233
60299
60365
60419
60480
60535
60596
60661
60725
60785
60843
60923
60999
61073
61148
61223
61297
61376
61469
61544
61621
61680
61742
61803
61868
61936
62001
62055
62117
62173
62231
62290
62343
62400
62462
62524
62590
62653
62710
62767
62835
62905
62963
63027
63082
63140
63207
63267
63334
63389
63443
63514
63583
63642
63718
63794
63871
63941
63998
64057
64113
64168
64222
64277
64337
64392
64460
64513
64570
64624
64682
64754
64817
64880
64941
64994
65052
65106
65155
65194
65233
65271
65321
65360
65416
65476
65517
65563
65615
65653
65695
65744
65797
65851
65909
65963
66021
66075
66133
66186
66243
66286
66333
66375
66428
66473
66518
66572
66629
66683
66737
66791
66845
66902
66959
67013
67070
67124
67181
67238
67288
67336
67384
67434
67476
67535
67596
67642
67692
67746
67807
67887
67955
68034
68108
68179
68251
68317
68394
68471
68538
68624
68699
68771
68841
68912
69005
69077
69146
69227
69296
69371
69448
69522
69580
69638
69689
69741
69789
69845
69895
69947
70009
70064
70124
70188
70240
70290
70339
70387
